
$GPGGA,102910.000,4446.4967,N,08538.5503,W,1,8,0.98,193.1,M,-35.2,M,,*64
$GPGSA,A,3,11,31,14,22,32,12,18,25,,,,,1.29,0.98,0.83*09
$GPGSV,3,1,12,14,69,048,32,31,51,215,39,22,49,152,40,46,39,197,32*7C
$GPGSV,3,2,12,32,38,307,21,25,37,099,29,12,26,057,39,01,24,303,21*75
$GPGSV,3,3,12,11,16,277,31,18,12,141,35,20,01,315,,24,01,048,*7A
$GPRMC,102910.000,A,4446.4967,N,08538.5503,W,0.01,0.00,060714,,,A*79
$GPGGA,102911.000,4446.4970,N,08538.5504,W,1,8,0.98,194.1,M,-35.2,M,,*63
$GPGSA,A,3,11,31,14,22,32,12,18,25,,,,,1.80,0.98,1.50*05
$GPGSV,3,1,12,14,69,048,32,31,51,215,39,22,49,152,40,46,39,197,32*7C
$GPGSV,3,2,12,32,38,307,21,25,37,099,29,12,26,057,39,01,24,303,21*75
$GPGSV,3,3,12,11,16,277,31,18,12,141,35,20,01,315,,24,01,048,*7A
$GPRMC,102911.000,A,4446.4970,N,08538.5504,W,0.02,0.00,060714,,,A*7A
$GPGGA,102912.000,4446.4972,N,08538.5506,W,1,8,0.98,194.9,M,-35.2,M,,*68
$GPGSA,A,3,11,31,14,22,32,12,18,25,,,,,1.29,0.98,0.83*09
$GPGSV,3,1,12,14,69,048,32,31,51,215,39,22,49,152,40,46,39,197,32*7C
$GPGSV,3,2,12,32,38,307,21,25,37,099,29,12,26,057,39,01,24,303,21*75
$GPGSV,3,3,12,11,16,277,31,18,12,141,35,20,01,315,,24,01,048,*7A
$GPRMC,102912.000,A,4446.4972,N,08538.5506,W,0.02,0.00,060714,,,A*79
$GPGGA,102913.000,4446.4973,N,08538.5507,W,1,8,0.98,195.3,M,-35.2,M,,*62
$GPGSA,A,3,11,31,14,22,32,12,18,25,,,,,1.29,0.98,0.83*09
$GPGSV,3,1,12,14,69,048,31,31,51,215,39,22,49,152,40,46,39,197,32*7F
$GPGSV,3,2,12,32,38,307,21,25,37,099,30,12,26,057,39,01,24,303,20*7C
$GPGSV,3,3,12,11,16,277,31,18,12,141,35,20,01,315,,24,01,048,*7A
$GPRMC,102913.000,A,4446.4973,N,08538.5507,W,0.02,0.00,060714,,,A*78

